Gas Flow Rate,Temperature Average,Wattage,Current Test Time (sec),Total Time (sec),Gas Usage,Water Usage,Gas Total Usage,Water Total Usage,Thermocouple 1,Thermocouple 2,Thermocouple 3,Thermocouple 4,Thermocouple 5,Thermocouple 6,Thermocouple 7
0.0,88.76,-1,0.84,0.86,0.0,0.0,0.0,0.0,96.8,86.45,86.45,85.55,86.45,86.9,92.75,Unused
0.0,73.4,-1,2.72,2.74,1.0,0.0,1.0,0.0,73.85,73.4,73.4,72.5,73.4,73.4,73.85,Unused
0.0,73.4,-1,4.6,4.62,1.0,0.0,1.0,0.0,73.4,73.4,73.85,72.5,73.4,73.4,73.85,Unused
0.0,73.46,-1,6.48,6.5,1.0,0.0,1.0,0.0,73.85,73.4,73.4,72.5,73.4,73.85,73.85,Unused
0.0,73.4,-1,8.35,8.37,1.0,0.0,1.0,0.0,73.85,73.4,73.4,72.5,73.4,73.4,73.85,Unused
0.0,73.4,-1,10.23,10.25,1.0,0.0,1.0,0.0,73.85,73.4,73.4,72.5,73.4,73.4,73.85,Unused
0.0,73.34,-1,12.11,12.13,1.0,0.0,1.0,0.0,73.4,73.4,73.4,72.5,73.4,73.4,73.85,Unused
0.0,73.27,-1,13.99,14.01,1.0,0.0,1.0,0.0,73.4,73.4,73.4,72.5,72.95,73.4,73.85,Unused
0.0,73.4,-1,15.87,15.88,1.0,0.0,1.0,0.0,73.85,73.4,73.4,72.5,73.4,73.4,73.85,Unused
0.0,73.34,-1,17.74,17.76,1.0,0.0,1.0,0.0,73.4,73.4,73.4,72.5,73.4,73.4,73.85,Unused
0.0,73.4,-1,19.62,19.64,1.0,0.0,1.0,0.0,73.85,73.4,73.4,72.5,73.4,73.4,73.85,Unused
0.0,73.4,-1,21.5,21.52,1.0,0.0,1.0,0.0,73.85,73.4,73.4,72.5,73.4,73.4,73.85,Unused
0.0,73.4,-1,23.38,23.4,1.0,0.0,1.0,0.0,73.85,73.4,73.4,72.5,73.4,73.4,73.85,Unused
0.0,73.4,-1,25.26,25.28,1.0,0.0,1.0,0.0,73.85,73.4,73.4,72.5,73.4,73.4,73.85,Unused
0.0,72.63,-1,27.13,27.15,1.0,0.0,1.0,0.0,69.8,72.05,73.4,72.5,73.4,73.4,73.85,Unused
0.0,73.4,-1,29.01,29.03,1.0,0.0,1.0,0.0,73.85,73.4,73.4,72.5,73.4,73.4,73.85,Unused
0.0,73.27,-1,30.89,30.91,1.0,0.0,1.0,0.0,73.85,73.4,73.4,72.5,72.5,73.4,73.85,Unused
0.0,73.34,-1,32.77,32.79,1.0,0.0,1.0,0.0,73.85,73.4,73.4,72.5,72.95,73.4,73.85,Unused
0.0,73.27,-1,34.65,34.67,1.0,0.0,1.0,0.0,73.4,73.4,73.4,72.5,72.95,73.4,73.85,Unused
0.0,73.4,-1,36.52,36.54,1.0,0.0,1.0,0.0,73.85,73.4,73.4,72.5,73.4,73.4,73.85,Unused
0.0,73.34,-1,38.4,38.42,1.0,0.0,1.0,0.0,73.85,73.4,73.4,72.5,73.4,73.4,73.4,Unused
0.0,73.4,-1,40.28,40.3,1.0,0.0,1.0,0.0,73.85,73.4,73.4,72.5,73.4,73.4,73.85,Unused
0.0,73.34,-1,42.16,42.18,1.0,0.0,1.0,0.0,73.4,73.4,73.4,72.5,73.4,73.4,73.85,Unused
0.0,73.34,-1,44.03,44.05,1.0,0.0,1.0,0.0,73.85,73.4,73.4,72.5,72.95,73.4,73.85,Unused
0.0,73.4,-1,45.91,45.93,1.0,0.0,1.0,0.0,73.85,73.4,73.4,72.5,73.4,73.4,73.85,Unused
0.0,73.46,-1,47.79,47.81,1.0,0.0,1.0,0.0,73.85,73.4,73.4,72.5,73.4,73.85,73.85,Unused
0.0,73.4,-1,49.67,49.69,1.0,0.0,1.0,0.0,73.85,73.4,73.4,72.5,73.4,73.4,73.85,Unused
0.0,73.27,-1,51.55,51.56,1.0,0.0,1.0,0.0,73.85,73.4,73.4,72.5,73.4,72.95,73.4,Unused
0.0,73.27,-1,53.42,53.44,1.0,0.0,1.0,0.0,73.85,73.4,73.4,72.5,72.5,73.4,73.85,Unused
0.0,69.61,-1,55.3,55.32,1.0,0.0,1.0,0.0,73.85,73.4,73.4,62.6,64.85,66.2,72.95,Unused
0.0,68.45,-1,57.18,57.2,1.0,0.0,1.0,0.0,69.35,65.75,70.25,60.8,68.9,70.25,73.85,Unused
0.0,70.96,-1,59.06,59.08,1.0,0.0,1.0,0.0,67.1,68.9,72.05,69.8,72.95,73.4,72.5,Unused
0.0,73.34,-1,60.93,60.95,1.0,0.0,1.0,0.0,73.85,73.4,73.4,72.5,72.95,73.4,73.85,Unused
0.0,73.27,-1,62.81,62.83,1.0,0.0,1.0,0.0,73.4,73.4,73.4,72.5,72.95,73.4,73.85,Unused
0.0,73.27,-1,64.69,64.71,1.0,0.0,1.0,0.0,73.4,73.4,73.85,72.5,72.95,73.4,73.4,Unused
0.0,73.14,-1,66.57,66.59,1.0,0.0,1.0,0.0,73.4,73.4,73.4,72.05,72.5,73.4,73.85,Unused
0.0,73.21,-1,68.45,68.47,1.0,0.0,1.0,0.0,73.4,73.4,73.4,72.05,72.95,73.4,73.85,Unused
0.0,73.14,-1,70.32,70.34,1.0,0.0,1.0,0.0,73.4,73.4,73.4,72.05,72.95,73.4,73.4,Unused
0.0,66.39,-1,72.2,72.22,1.0,0.0,1.0,0.0,74.3,65.75,67.1,55.4,63.05,65.3,73.85,Unused
0.0,73.66,-1,74.08,74.1,1.0,0.0,1.0,0.0,75.65,74.75,73.85,72.05,72.5,72.95,73.85,Unused
0.0,73.72,-1,75.96,75.98,1.0,0.0,1.0,0.0,72.05,73.85,73.4,72.5,72.5,73.4,78.35,Unused
0.0,73.46,-1,77.84,77.86,1.0,0.0,1.0,0.0,74.3,72.95,73.85,71.6,72.95,73.85,74.75,Unused
0.0,69.16,-1,79.72,79.74,1.0,0.0,1.0,0.0,68.0,67.55,69.8,64.4,69.35,70.7,74.3,Unused
0.0,75.46,-1,81.6,81.62,1.0,0.0,1.0,0.0,73.4,76.1,78.8,75.2,75.65,74.75,74.3,Unused
0.0,73.53,-1,83.47,83.49,1.0,0.0,1.0,0.0,74.3,72.5,73.4,72.5,73.85,73.85,74.3,Unused
0.0,78.67,-1,85.35,85.37,1.0,0.0,1.0,0.0,81.5,78.35,77.9,77.0,77.45,77.9,80.6,Unused
0.0,78.48,-1,87.23,87.25,1.0,0.0,1.0,0.0,81.05,78.35,77.45,77.45,78.35,78.35,78.35,Unused
0.0,76.49,-1,89.1,89.12,1.0,0.0,1.0,0.0,73.85,73.4,79.25,78.35,78.35,73.85,78.35,Unused
0.0,76.94,-1,90.98,91.0,1.0,0.0,1.0,0.0,77.45,76.55,77.0,75.65,76.55,77.0,78.35,Unused
0.0,77.0,-1,92.86,92.88,1.0,0.0,1.0,0.0,79.25,76.55,77.0,75.65,75.65,77.0,77.9,Unused
0.0,76.23,-1,94.74,94.76,1.0,0.0,1.0,0.0,79.25,71.15,77.0,75.65,75.65,77.0,77.9,Unused
0.0,77.45,-1,96.61,96.63,1.0,0.0,1.0,0.0,79.25,77.0,77.0,75.65,75.65,77.0,80.6,Unused
0.0,75.78,-1,98.49,98.51,1.0,0.0,1.0,0.0,77.0,76.1,75.65,74.75,74.75,75.65,76.55,Unused
0.0,75.84,-1,100.37,100.39,1.0,0.0,1.0,0.0,77.0,76.1,75.65,74.75,74.75,75.65,77.0,Unused
0.0,75.97,-1,102.25,102.27,1.0,0.0,1.0,0.0,77.0,76.1,75.65,74.75,75.2,75.65,77.45,Unused
0.0,75.84,-1,104.13,104.14,1.0,0.0,1.0,0.0,76.55,75.65,76.1,74.75,74.75,75.65,77.45,Unused
0.0,75.91,-1,106.0,106.02,1.0,0.0,1.0,0.0,77.45,75.65,75.65,74.3,75.65,75.65,77.0,Unused
0.0,75.91,-1,107.88,107.9,1.0,0.0,1.0,0.0,77.45,76.1,75.65,74.3,75.2,75.65,77.0,Unused
0.0,76.04,-1,109.76,109.78,1.0,0.0,1.0,0.0,77.9,75.65,75.65,74.75,75.65,75.65,77.0,Unused
0.0,76.1,-1,111.64,111.66,1.0,0.0,1.0,0.0,77.9,76.1,75.65,74.75,75.65,75.65,77.0,Unused
0.0,75.97,-1,113.52,113.54,1.0,0.0,1.0,0.0,77.45,75.65,75.65,74.75,75.65,75.65,77.0,Unused
0.0,76.16,-1,115.4,115.42,1.0,0.0,1.0,0.0,77.9,76.1,75.65,74.75,75.65,76.1,77.0,Unused
0.0,76.16,-1,117.27,117.29,1.0,0.0,1.0,0.0,77.9,75.65,76.1,74.75,75.65,76.1,77.0,Unused
0.0,76.1,-1,119.15,119.17,1.0,0.0,1.0,0.0,77.45,75.65,75.65,75.2,75.65,76.1,77.0,Unused
0.0,76.04,-1,121.03,121.05,1.0,0.0,1.0,0.0,77.45,75.65,75.65,74.75,75.65,76.1,77.0,Unused
0.0,76.1,-1,122.91,122.93,1.0,0.0,1.0,0.0,77.45,75.65,76.1,74.75,75.65,76.1,77.0,Unused
0.0,75.91,-1,124.78,124.8,1.0,0.0,1.0,0.0,77.0,74.75,76.1,74.75,75.65,76.1,77.0,Unused
0.0,76.04,-1,126.66,126.68,1.0,0.0,1.0,0.0,77.45,75.65,76.1,74.75,75.65,75.65,77.0,Unused
0.0,76.04,-1,128.54,128.56,1.0,0.0,1.0,0.0,77.45,75.65,75.65,74.75,75.65,76.1,77.0,Unused
0.0,76.16,-1,130.42,130.44,1.0,0.0,1.0,0.0,77.9,75.65,75.65,75.2,75.65,76.1,77.0,Unused
0.0,75.97,-1,132.3,132.32,1.0,0.0,1.0,0.0,77.45,75.65,75.65,74.75,75.65,75.65,77.0,Unused
0.0,76.16,-1,134.17,134.19,1.0,0.0,1.0,0.0,77.9,75.65,75.65,75.2,75.65,75.65,77.45,Unused
0.0,75.97,-1,136.05,136.07,1.0,0.0,1.0,0.0,77.0,75.65,75.65,74.75,75.65,76.1,77.0,Unused
0.0,76.16,-1,137.93,137.95,1.0,0.0,1.0,0.0,77.9,75.65,76.1,74.75,75.65,76.1,77.0,Unused
0.0,75.97,-1,139.81,139.83,1.0,0.0,1.0,0.0,77.45,75.65,75.65,74.75,75.65,75.65,77.0,Unused
0.0,76.23,-1,141.69,141.71,1.0,0.0,1.0,0.0,77.45,76.1,76.1,75.2,75.65,76.1,77.0,Unused
0.0,76.1,-1,143.57,143.58,1.0,0.0,1.0,0.0,77.45,76.1,75.65,74.75,75.65,76.1,77.0,Unused
0.0,76.04,-1,145.44,145.46,1.0,0.0,1.0,0.0,77.45,76.1,75.65,74.75,75.65,75.65,77.0,Unused
0.0,74.94,-1,147.34,147.36,1.0,0.0,1.0,0.0,70.25,75.65,75.65,74.75,75.65,75.65,77.0,Unused
0.0,76.16,-1,149.21,149.23,1.0,0.0,1.0,0.0,77.45,75.65,76.1,75.2,75.65,76.1,77.0,Unused
0.0,76.23,-1,151.09,151.11,1.0,0.0,1.0,0.0,77.45,76.1,76.1,75.2,75.65,76.1,77.0,Unused
0.0,76.04,-1,152.97,152.99,1.0,0.0,1.0,0.0,77.45,75.65,75.65,75.2,75.2,76.1,77.0,Unused
0.0,76.29,-1,154.85,154.87,1.0,0.0,1.0,0.0,77.45,76.1,76.1,75.2,75.65,76.1,77.45,Unused
0.0,76.04,-1,156.73,156.74,1.0,0.0,1.0,0.0,77.45,75.65,75.65,74.75,75.65,75.65,77.45,Unused
0.0,76.23,-1,158.6,158.62,1.0,0.0,1.0,0.0,77.45,76.1,76.1,75.2,75.65,76.1,77.0,Unused
0.0,76.16,-1,160.48,160.5,1.0,0.0,1.0,0.0,77.45,76.1,75.65,74.75,75.65,76.1,77.45,Unused
0.0,76.1,-1,162.36,162.38,1.0,0.0,1.0,0.0,77.45,75.65,75.65,74.75,75.65,76.1,77.45,Unused
0.0,76.1,-1,164.24,164.26,1.0,0.0,1.0,0.0,77.45,75.65,75.65,74.75,75.65,76.1,77.45,Unused
0.0,76.04,-1,166.12,166.14,1.0,0.0,1.0,0.0,77.45,75.65,75.65,74.75,75.65,76.1,77.0,Unused
0.0,76.29,-1,167.99,168.01,1.0,0.0,1.0,0.0,77.45,76.1,76.1,75.2,75.65,76.1,77.45,Unused
0.0,75.91,-1,169.87,169.89,1.0,0.0,1.0,0.0,77.45,75.65,75.65,74.75,75.2,75.65,77.0,Unused
0.0,75.78,-1,171.75,171.77,1.0,0.0,1.0,0.0,77.45,75.2,75.65,73.4,75.65,76.1,77.0,Unused
0.0,75.91,-1,173.63,173.65,1.0,0.0,1.0,0.0,77.45,75.65,75.65,74.75,75.2,76.1,76.55,Unused
0.0,75.97,-1,175.5,175.52,1.0,0.0,1.0,0.0,77.45,75.65,75.65,74.75,75.65,75.65,77.0,Unused
0.0,75.84,-1,177.38,177.4,1.0,0.0,1.0,0.0,77.45,75.65,75.65,74.75,75.2,75.65,76.55,Unused
0.0,75.78,-1,179.26,179.28,1.0,0.0,1.0,0.0,77.0,75.65,75.65,74.75,75.2,75.65,76.55,Unused
0.0,75.97,-1,181.14,181.16,1.0,0.0,1.0,0.0,77.45,76.1,75.65,74.75,75.2,75.65,77.0,Unused
0.0,75.46,-1,183.02,183.04,1.0,0.0,1.0,0.0,77.0,75.2,75.2,74.3,75.2,75.2,76.1,Unused
0.0,75.59,-1,184.89,184.91,1.0,0.0,1.0,0.0,77.0,75.2,75.2,74.3,75.2,75.65,76.55,Unused
0.0,75.07,-1,186.77,186.79,1.0,0.0,1.0,0.0,76.1,75.2,74.75,73.85,74.3,75.2,76.1,Unused
0.0,75.2,-1,188.65,188.67,1.0,0.0,1.0,0.0,76.1,75.2,75.2,73.85,74.75,75.2,76.1,Unused
0.0,74.75,-1,190.53,190.55,1.0,0.0,1.0,0.0,75.65,74.3,74.75,73.85,74.3,74.75,75.65,Unused
0.0,75.07,-1,192.41,192.43,1.0,0.0,1.0,0.0,76.1,74.75,74.75,73.85,74.75,75.2,76.1,Unused
0.0,75.91,-1,194.28,194.3,1.0,0.0,1.0,0.0,77.0,75.65,75.65,74.75,75.65,75.65,77.0,Unused
0.0,76.36,-1,196.16,196.18,1.0,0.0,1.0,0.0,77.9,76.1,76.1,75.2,75.65,76.1,77.45,Unused
0.0,76.42,-1,198.04,198.06,1.0,0.0,1.0,0.0,77.9,76.1,76.1,75.2,75.65,76.55,77.45,Unused
0.0,76.29,-1,199.92,199.94,1.0,0.0,1.0,0.0,77.45,76.1,76.1,75.2,75.65,76.1,77.45,Unused
0.0,76.29,-1,201.79,201.81,1.0,0.0,1.0,0.0,77.45,76.1,76.1,75.2,75.65,76.1,77.45,Unused
0.0,74.3,-1,203.67,203.69,1.0,0.0,1.0,0.0,74.3,73.85,74.3,73.4,74.3,74.75,75.2,Unused
0.0,74.62,-1,205.55,205.57,1.0,0.0,1.0,0.0,75.65,74.3,74.75,73.4,74.3,74.75,75.2,Unused
0.0,74.62,-1,207.43,207.45,1.0,0.0,1.0,0.0,75.65,74.3,74.75,73.4,74.3,74.75,75.2,Unused
0.0,74.69,-1,209.31,209.32,1.0,0.0,1.0,0.0,75.65,74.75,74.3,73.4,74.3,74.75,75.65,Unused
0.0,74.62,-1,211.18,211.2,1.0,0.0,1.0,0.0,75.2,74.75,74.75,73.4,74.3,74.75,75.2,Unused
0.0,79.25,-1,213.06,213.08,1.0,0.0,1.0,0.0,75.2,74.75,74.75,73.4,79.25,83.3,94.1,Unused
0.0,85.94,-1,0.0,214.96,1.0,0.0,1.0,0.0,92.3,84.65,84.65,83.3,83.75,84.2,88.7,Unused
0.0,86.32,-1,0.0,216.84,1.0,0.0,1.0,0.0,92.3,84.65,84.65,83.3,84.65,85.1,89.6,Unused
0.0,86.45,-1,0.0,218.71,1.0,0.0,1.0,0.0,93.2,84.65,84.2,82.85,84.65,86.0,89.6,Unused
0.0,87.29,-1,0.0,220.59,1.0,0.0,1.0,0.0,94.1,85.55,85.1,84.65,85.1,85.55,90.95,Unused
0.0,87.48,-1,0.0,222.47,1.0,0.0,1.0,0.0,94.55,85.55,86.0,84.65,85.1,85.55,90.95,Unused
0.0,87.48,-1,0.0,224.35,1.0,0.0,1.0,0.0,94.55,85.55,85.55,84.65,85.55,86.0,90.5,Unused
0.0,87.54,-1,0.0,226.22,1.0,0.0,1.0,0.0,94.55,85.55,85.55,84.65,85.55,86.0,90.95,Unused
0.0,87.86,-1,0.0,228.1,1.0,0.0,1.0,0.0,95.0,86.0,86.0,84.65,86.0,86.0,91.4,Unused
0.0,88.06,-1,0.0,229.98,1.0,0.0,1.0,0.0,95.45,86.0,86.0,85.1,86.0,86.45,91.4,Unused
0.0,88.19,-1,0.0,231.86,1.0,0.0,1.0,0.0,95.45,86.45,86.0,85.1,86.0,86.45,91.85,Unused
0.0,88.57,-1,0.0,233.73,1.0,0.0,1.0,0.0,95.9,86.45,86.45,85.55,86.45,86.9,92.3,Unused
0.0,88.57,-1,0.0,235.61,1.0,0.0,1.0,0.0,95.9,86.45,86.45,85.55,86.45,86.9,92.3,Unused
0.0,88.64,-1,0.0,237.49,1.0,0.0,1.0,0.0,96.35,86.45,86.45,85.55,86.45,86.9,92.3,Unused
0.0,88.57,-1,0.0,239.37,1.0,0.0,1.0,0.0,96.35,86.9,86.45,85.55,86.0,86.9,91.85,Unused
0.0,88.44,-1,0.0,241.24,1.0,0.0,1.0,0.0,95.9,86.45,86.45,85.55,86.0,86.9,91.85,Unused
0.0,88.38,-1,0.0,243.12,1.0,0.0,1.0,0.0,95.9,86.45,86.45,85.1,86.0,86.9,91.85,Unused
0.0,88.64,-1,0.0,245.0,1.0,0.0,1.0,0.0,96.35,86.45,86.45,85.55,86.45,86.9,92.3,Unused
0.0,88.51,-1,0.0,246.87,1.0,0.0,1.0,0.0,96.35,86.45,86.45,85.55,86.0,86.9,91.85,Unused
0.0,88.51,-1,0.0,248.75,1.0,0.0,1.0,0.0,95.9,86.45,86.45,85.55,86.0,86.9,92.3,Unused
0.0,88.64,-1,0.0,250.63,1.0,0.0,1.0,0.0,96.35,86.45,86.45,85.55,86.45,86.9,92.3,Unused
0.0,88.57,-1,0.0,252.5,1.0,0.0,1.0,0.0,96.35,86.45,86.45,85.55,86.0,86.9,92.3,Unused
0.0,88.57,-1,0.0,254.38,1.0,0.0,1.0,0.0,95.9,86.45,86.45,85.55,86.45,86.9,92.3,Unused
0.0,88.7,-1,0.0,256.26,1.0,0.0,1.0,0.0,96.35,86.45,86.9,85.55,86.45,86.9,92.3,Unused
0.0,88.64,-1,0.0,258.14,1.0,0.0,1.0,0.0,96.35,86.45,86.45,85.55,86.45,86.9,92.3,Unused
0.0,81.5,-1,0.0,260.01,1.0,0.0,1.0,0.0,96.35,86.45,81.05,74.75,80.15,75.2,76.55,Unused
0.0,82.98,-1,0.0,261.89,1.0,0.0,1.0,0.0,87.8,81.5,81.5,81.05,81.5,81.95,85.55,Unused
0.0,82.79,-1,0.0,263.77,1.0,0.0,1.0,0.0,87.8,81.5,81.5,80.6,81.05,81.95,85.1,Unused
0.0,82.72,-1,0.87,265.65,0.0,0.0,1.0,0.0,87.8,81.5,81.5,80.6,81.05,81.5,85.1,Unused
0.0,82.72,-1,2.75,267.53,0.0,0.0,1.0,0.0,87.35,81.5,81.5,80.6,81.05,81.5,85.55,Unused
0.0,82.85,-1,4.63,269.41,0.0,0.0,1.0,0.0,87.8,81.5,81.5,80.6,81.5,81.5,85.55,Unused
0.0,82.85,-1,6.51,271.28,0.0,0.0,1.0,0.0,87.8,81.5,81.5,80.6,81.05,81.95,85.55,Unused
0.0,82.79,-1,8.39,273.16,0.0,0.0,1.0,0.0,87.35,81.5,81.95,80.6,81.05,81.5,85.55,Unused
0.0,82.91,-1,10.26,275.04,0.0,0.0,1.0,0.0,87.8,81.5,81.5,80.6,81.5,81.95,85.55,Unused
0.0,82.59,-1,12.14,276.92,0.0,0.0,1.0,0.0,87.8,81.5,81.5,80.6,81.5,81.95,83.3,Unused
0.0,73.66,-1,14.02,278.79,0.0,0.0,1.0,0.0,73.85,73.85,73.85,72.5,73.4,73.85,74.3,Unused
0.0,73.72,-1,15.9,280.67,0.0,0.0,1.0,0.0,74.3,73.85,73.85,72.5,73.4,73.85,74.3,Unused
0.0,73.59,-1,17.77,282.55,0.0,0.0,1.0,0.0,73.85,73.85,73.85,72.5,73.4,73.85,73.85,Unused
0.0,73.66,-1,19.65,284.43,0.0,0.0,1.0,0.0,74.3,73.85,73.85,72.5,73.4,73.85,73.85,Unused
0.0,73.66,-1,21.53,286.31,0.0,0.0,1.0,0.0,74.3,73.85,73.4,72.5,73.4,73.85,74.3,Unused
0.0,73.66,-1,23.41,288.18,0.0,0.0,1.0,0.0,73.85,73.85,73.85,72.5,73.4,73.85,74.3,Unused
0.0,73.72,-1,25.28,290.06,0.0,0.0,1.0,0.0,74.3,73.85,73.85,72.5,73.4,73.85,74.3,Unused
0.0,73.66,-1,27.16,291.94,0.0,0.0,1.0,0.0,73.85,73.85,73.4,72.95,73.4,73.85,74.3,Unused
0.0,86.9,-1,29.04,293.82,0.0,0.0,1.0,0.0,96.35,86.45,86.45,85.55,86.45,86.9,80.15,Unused
0.0,75.71,-1,30.92,295.69,0.0,0.0,1.0,0.0,77.0,75.65,75.65,74.3,75.2,75.65,76.55,Unused
0.0,75.71,-1,32.8,297.57,0.0,0.0,1.0,0.0,77.0,75.65,75.65,74.3,75.2,75.65,76.55,Unused
0.0,75.78,-1,34.67,299.45,0.0,0.0,1.0,0.0,77.0,75.65,75.65,74.75,79.25,73.85,74.3,Unused
0.0,73.91,-1,36.55,301.33,0.0,0.0,1.0,0.0,73.85,73.85,73.85,72.95,73.85,74.3,74.75,Unused
0.0,73.98,-1,38.43,303.2,0.0,0.0,1.0,0.0,74.3,73.85,73.85,72.95,73.85,74.3,74.75,Unused
0.0,73.98,-1,40.31,305.08,0.0,0.0,1.0,0.0,74.3,73.85,73.85,72.95,73.85,74.3,74.75,Unused
0.0,73.91,-1,42.18,306.96,0.0,0.0,1.0,0.0,74.3,73.85,73.85,72.95,73.85,74.3,74.3,Unused
0.0,74.17,-1,44.07,308.84,0.0,0.0,1.0,0.0,74.75,74.3,74.3,72.95,73.85,74.3,74.75,Unused
0.0,73.98,-1,45.94,310.72,0.0,0.0,1.0,0.0,74.3,73.85,73.85,72.95,73.85,74.3,74.75,Unused
0.0,74.17,-1,47.82,312.6,0.0,0.0,1.0,0.0,74.75,74.3,74.3,72.95,73.85,74.3,74.75,Unused
0.0,74.04,-1,49.7,314.47,0.0,0.0,1.0,0.0,74.75,73.85,73.85,72.95,73.85,74.3,74.75,Unused
0.0,85.42,-1,0.0,316.35,0.0,0.0,1.0,0.0,77.45,83.3,86.0,85.55,86.45,86.9,92.3,Unused
0.0,88.83,-1,0.0,318.23,0.0,0.0,1.0,0.0,96.35,86.9,86.9,85.55,86.45,86.9,92.75,Unused
0.0,88.64,-1,0.0,320.11,0.0,0.0,1.0,0.0,96.35,86.45,86.45,85.55,86.45,86.9,92.3,Unused
0.0,88.83,-1,0.0,321.99,0.0,0.0,1.0,0.0,96.35,86.9,86.9,85.55,86.45,86.9,92.75,Unused
